brick 25 25 25 25
brick 50 25 25 25
brick 75 25 25 25
brick 100 25 25 25
brick 25 400 25 25
brick 50 400 25 25
brick 75 400 25 25
brick 100 400 25 25
brick 25 50 25 25
brick 25 75 25 25
brick 25 100 25 25
brick 25 125 25 25
brick 25 150 25 25
brick 25 175 25 25
brick 25 200 25 25
brick 25 225 25 25
brick 25 250 25 25
brick 25 275 25 25
brick 25 300 25 25
brick 25 325 25 25
brick 25 350 25 25
brick 25 375 25 25
border 0 0 600 25
border 0 575 600 25
border 0 25 25 575
border 575 0 25 575
eagle 275 525 50 50
brick 250 525 25 25
brick 250 550 25 25
brick 325 525 25 25
brick 325 550 25 25
brick 250 500 25 25
brick 275 500 25 25
brick 300 500 25 25
brick 325 500 25 25
leaves 200 200 50 50
